931
273 337
391 475
153 344
316 15
202 278
604 104
45 912
678 808
591 427
34 74
95 552
604 722
11 187
823 160
338 29
756 266
166 255
241 207
296 109
262 829
131 369
71 63
710 569
16 80
501 216
315 617
271 871
133 735
57 415
45 280
530 320
851 269
97 438
119 128
356 155
720 545
204 108
74 353
672 323
741 16
886 118
264 800
541 112
482 349
269 724
197 470
391 232
91 836
516 234
442 826
694 745
254 151
441 371
192 81
372 236
755 90
189 261
382 124
13 10
743 586
151 93
85 188
191 771
712 889
340 416
459 484
312 663
234 291
320 621
857 724
438 879
93 47
616 109
68 42
113 726
921 830
734 215
730 455
194 31
32 43
3 712
472 635
430 24
742 673
45 119
410 188
39 227
252 605
419 464
406 71
257 465
21 42
363 862
215 655
662 340
240 24
397 145
147 126
318 202
285 120
587 774
225 203
45 673
150 82
52 59
416 814
528 539
325 172
874 14
12 81
303 17
431 232
855 816
143 223
413 354
553 634
104 152
172 199
3 1
115 664
453 163
661 25
343 546
328 865
740 712
328 858
550 383
497 347
82 169
11 61
162 122
895 87
671 719
412 562
444 129
7 33
283 154
247 37
246 75
839 34
186 667
16 1
17 22
441 613
571 303
902 442
619 81
58 102
697 211
12 609
507 56
380 543
14 137
487 100
341 289
407 511
558 816
60 381
577 690
131 386
455 80
133 149
168 200
894 166
903 697
167 7
499 85
560 521
654 105
195 189
60 154
150 357
53 91
433 657
94 833
67 171
201 1
234 202
846 518
33 130
510 211
516 782
553 387
158 186
841 466
468 37
232 79
554 234
11 6
404 121
134 31
368 177
518 20
449 271
748 717
17 288
70 809
27 18
584 236
367 203
638 208
293 362
511 547
269 297
103 91
218 156
83 625
169 233
926 690
8 270
551 427
25 22
219 384
379 525
667 721
88 208
761 519
118 514
224 825
242 580
896 193
6 49
558 496
289 442
856 97
92 30
535 435
189 399
227 236
2 320
175 212
401 293
492 227
576 20
834 175
6 73
519 328
802 344
847 173
82 38
354 308
456 686
51 163
170 526
219 785
627 917
315 224
370 212
402 201
175 405
620 863
393 750
399 732
804 731
557 831
409 308
92 472
127 114
31 20
123 321
18 8
577 228
450 480
900 56
419 666
612 40
359 505
116 143
421 16
216 445
207 214
209 167
54 131
891 455
6 9
2 1
430 466
29 39
689 147
235 92
914 444
79 148
520 528
47 2
122 102
54 231
68 123
33 920
510 534
357 496
160 37
344 696
86 35
582 827
752 549
265 301
878 314
308 87
538 450
183 366
899 428
33 88
67 31
76 32
753 304
698 12
87 83
473 805
242 428
765 313
299 521
45 31
70 117
760 395
85 126
6 277
908 808
108 24
687 274
220 215
537 472
335 419
38 1
11 44
6 7
884 573
258 332
403 150
533 118
160 693
158 747
256 186
56 226
68 440
695 772
79 105
614 253
870 505
173 120
224 652
26 22
160 175
63 245
478 763
486 762
741 927
374 295
304 95
260 437
157 767
861 554
569 207
98 323
493 160
535 702
423 306
181 102
450 256
439 729
788 155
792 28
873 167
420 247
567 596
797 557
670 310
379 39
570 385
174 358
798 645
305 185
35 8
317 68
656 63
310 876
168 61
840 143
393 270
151 907
134 536
24 60
658 336
625 768
565 470
42 269
15 2
723 335
147 242
339 163
925 551
299 43
311 579
28 311
373 154
345 66
96 47
645 204
333 295
463 184
221 45
828 433
205 171
210 160
640 819
148 176
691 181
39 669
97 599
159 498
677 220
551 864
36 95
114 51
377 138
327 342
770 398
351 301
411 544
383 400
589 65
51 29
483 215
95 213
117 252
762 892
130 674
714 90
124 330
297 364
19 36
495 91
660 860
187 820
383 311
410 718
219 123
882 700
37 281
622 492
75 922
15 24
76 78
628 227
503 269
51 222
231 587
165 295
593 153
898 308
38 918
268 830
8 10
504 257
225 336
129 77
340 206
176 359
880 555
418 353
327 290
360 83
783 233
600 651
274 407
255 396
111 776
292 240
708 246
859 298
142 426
603 529
335 618
373 524
432 91
324 112
437 684
52 63
174 810
20 14
98 14
901 639
633 715
12 17
778 623
202 328
517 676
157 284
33 101
339 640
137 155
267 223
66 45
232 646
707 541
411 388
109 29
18 665
83 177
403 424
704 348
110 19
362 575
805 866
627 138
872 370
44 125
86 107
70 264
852 570
44 215
120 26
701 127
530 641
89 787
631 439
491 169
168 786
429 334
385 395
469 65
11 849
133 127
18 190
81 542
749 36
422 246
144 602
350 42
19 203
72 329
15 193
107 273
65 361
597 561
31 263
219 417
115 583
272 66
164 1
799 700
385 330
35 48
83 25
649 439
207 172
3 41
55 27
494 795
812 630
509 156
446 478
811 42
692 8
508 81
473 794
158 312
615 441
655 700
549 568
598 568
18 52
224 623
681 472
485 75
234 253
250 502
633 81
462 573
44 928
393 711
65 198
62 48
923 888
481 22
585 9
378 218
561 528
113 620
56 22
238 680
33 34
69 146
106 54
27 282
239 171
468 736
443 174
119 733
1 72
213 868
458 395
649 877
713 251
365 671
20 694
3 64
479 320
309 59
71 630
412 256
102 211
817 399
97 165
875 790
57 99
615 758
500 486
436 284
554 725
628 738
739 277
158 153
346 456
402 887
13 675
460 415
79 29
515 653
109 196
216 124
2 29
837 592
111 893
82 796
115 515
147 906
780 910
317 931
316 717
110 115
597 759
63 139
63 166
832 523
709 437
133 451
838 705
260 176
439 127
237 2
134 408
731 541
298 124
313 375
3 523
534 586
517 298
929 543
39 57
331 155
595 521
19 545
40 179
460 699
552 572
57 113
57 202
489 464
490 33
513 497
26 85
529 516
132 131
184 181
499 566
54 52
556 309
415 532
6 5
520 737
686 728
578 141
180 727
683 194
341 394
12 1
821 688
430 457
250 189
174 163
40 180
668 133
30 452
64 182
289 100
585 843
37 26
446 134
334 33
789 515
82 567
101 454
637 327
754 279
142 20
216 275
890 164
678 317
365 177
10 53
688 437
274 213
720 835
56 70
744 280
911 508
118 54
19 23
512 102
197 909
757 307
757 915
214 803
905 566
153 4
574 488
18 69
104 642
548 286
313 308
455 647
244 196
335 206
387 824
116 20
294 124
371 20
140 76
90 5
790 541
380 588
326 202
302 388
8 4
251 96
527 495
33 191
769 205
49 124
5 40
346 133
452 806
474 47
71 268
359 376
476 444
34 793
17 145
229 39
30 293
549 924
253 319
286 204
395 885
279 208
491 773
506 644
353 592
112 307
379 471
328 348
197 300
60 352
197 111
725 801
386 815
225 248
867 825
88 112
526 904
729 779
203 473
443 494
39 462
287 122
1 4
62 434
46 27
777 137
138 93
296 780
19 65
848 142
659 321
3 14
257 520
636 565
784 774
477 316
6 157
590 509
306 190
746 349
98 104
814 916
221 310
211 343
842 590
52 135
484 629
249 228
144 9
141 185
632 532
136 105
238 488
775 275
83 643
178 228
88 486
76 716
356 461
271 102
130 435
608 342
70 89
80 467
462 883
77 50
24 75
557 168
850 70
19 14
648 280
20 30
265 199
141 49
37 257
654 706
70 695
105 224
97 44
148 427
897 407
540 527
159 24
54 161
2 28
919 904
64 94
600 403
549 323
650 158
262 108
341 398
791 184
647 930
243 193
400 813
189 105
146 845
50 58
239 266
611 535
807 343
594 147
31 363
276 190
108 433
458 582
913 869
322 163
626 168
